3178206400
3273642254
2632996033
1660031210
1617742841
3695142597
1719966081
3202869724
2215283764
1822304887
2610310981
2404602921
5542358425
2884498634
1890245680
1219923575
1782557937
1736441811
3198068904
1769928741
2419115781
1847228570
1420064375
2565357324
2724874103
2313635105
2423624061
3091120715
5509829294
2730117232
3149195684
3963293937
5048833949
1918394065
1839564330
2331099610
1340850082
1311259827
2208602231
1751987913
5109545614
1559377903
5577544319
2441950745
1297954621
3762311687
2469667292
2869642170
1802288980
3155563884
2836036522
3315240065
2971162171
3884899535
5303853084
2301090404
1655033112
3175718052
1981406772
5323759852
2785341337
2050785867
1568476215
1702244752
1966292827
2951442390
2647840233
2132117173
2763850891
2279642893
3884822969
2480736083
2708927652
1108184645
2811285892
3687992007
2153152824
5562198681
1009515492
1752425901
5182131200
1735558914
1271175235
3152635394
5290013954
2623189447
2042325767
1783585693
5553153149
3569309624
1767514025
1639298590
1850188817
1593742895
5248370791
2295402005
2514025504
5574020124
1627395314
1402697652
5269264541
3128043612
2472836851
5546298436
2954371484
1677474170
1630080457
3808015410
2985169582
1579718137
2323700400
3224818363
2654759883
5281052988
1662245660
3626891015
2836290413
3951976371
2930907681
1961407440
3057606765
1886632030
1784688253
2113563781
1645454720
3835431171
1979822005
5408958758
2890382900
1291945511
5563132585
1931665431
1410696012
2683131663
1917676365
1837429111
3160159264
1893465355
5074457846
3645231692
2251209823
1228509204
5563195399
5584428955
2803173532
1710152343
2331295132
1842827187
2770903622
1297087273
2893308085
2887616510
2158093747
1940941257
2133267352
3426012810
2096795160
2138560133
3473005092
2650057683
1687321287
1747909460
1596099683
2836478722
1953352995
3887766514
1596900765
5158143407
2058277014
5284153775
5205534302
1895389813
3607515261
1803655844
1151131842
3500497201
1144453140
2260586134
2194400867
2505582681
2700138820
1733012330
3802851335
2590905882
3160076570
5224673752
2642648361
3669314042
2406447303
1972431830
3318238623
2528960661
1134233684
1620933794
1600509064
1571951631
2652710313
2948756610
1450234750
5128421306
2878252150
3314856922
3365355414
2670269031
1106176225
1651510950
2421844045
1768773942
3181163037
2241206181
1924311703
1668494090
5124847618
1296715980
3977972306
1637881522
1993900032
2676846173
3275823652
1880922220
2485729982
2296671270
1768323017
1893887961
5297285352
5358272851
3880149118
5128191539
2122228101
1954884893
5263916497
2366751625
2299412743
2048716994
3051857914
1821209070
2938408041
2764615917
5080337134
3191733412
2400897985
5304913073
1255049967
3212854877
2011583710
2404356401
3584833620
2185580832
3851967870
2684721741
5512970831
3562429074
1920954475
2757101621
1418915025
3154749300
1716647490
1211940531
2040803792
1305591007
3432805600
5034858689
5146372964
1769112090
2705136423
1974826031
2152232423
1430806164
1742566624
1720084970
3102212137
2258276713
1931329575
2247041544
2429440615
2379855300
1898252641
1893730852
2194620167
3199046833
1930956837
1584291252
1605570342
5494365744
3733809941
1458454962
1957305510
1054981812
2158694081
2734976441
3069348215
3808947039
1803426027
2076611311
1879583431
2027401567
5327326401
2196531015
3203752183
1730992265
3154658543
1949504401
1663515482
3928377469
2096416745
2648026383
1727001670
2966389902
2230166227
3876528379
1956966462
1586026483
1394384525
3179141240
3760144177
2733911087
2115531912
2623213507
1729666955
3479759820
1925607393
3198850325
3213547753
5072434137
3214046801
5112988391
1974199530
5057486969
2541813340
2608220287
1739787671
1458719605
2053083647
3079733113
3757859370
2925679957
1399271661
3055309541
2933997321
2273203940
3030450461
1924889111
1803585782
1687226135
1930165571
3233461227
2131352472
1869797151
5507397008
2399505840
2660484903
1909639370
1289564662
1054171935
5487367228
1932478983
1809454195
3167009223
2215278382
1847207055
1946261680
1887077751
5432775365
1592561414
2846325874
2120937861
3160652234
3592152190
2287244195
2631147223
3822874514
1977573037
1730790360
5305978142
3031566717
1935063107
2349515045
2736616487
1412982677
2754080893
1175219325
1708159150
2164551691
5105135756
3015525221
5290215578
2451581753
5236796460
3176024452
3786906784
1066168113
2655930931
2187527332
1952860454
1694594783
2372548825
2358382792
5463094766
1216716900
5137850526
1058324532
1941200382
5386355510
5206658393
5112017735
2406074494
2722948071
1089099364
3341569990
1592900084
2194554603
1774348953
3485930637
1652788210
2480025247
2012569977
1814323903
2272276182
3297008401
1296660070
1968142785
1578648230
1818886235
1757880305
5179282905
1750200752
3191821922
1861630423
3942886584
1751787692
1902853251
1750725441
2573579847
2189375415
2539636835
3233526424
1576618812
3796330750
1927394702
1244058664
5146103729
2709311651
3903823114
1763422641
3224514902
1842849402
2480770911
1784947217
5034492217
1928173525
2513426474
1722438325
1269032051
1828235762
1769037784
1318809415
1777463483
1919103317
2052134474
5207952959
3894180739
2352663655
3317204091
2426316831
3007567897
2798418915
2868085602
2344018564
5433952738
2608435581
2114416423
2830925242
3210380285
2022425367
5253478378
1879429203
2159460495
3169326307
2118671390
1653163287
5128420517
1245954663
1958344007
1706145870
5284026390
2168988311
2672185573
2939313913
2703356551
1942802957
1568196995
5578592108
1561459014
3370224102
2241189501
1804202255
1783207411
2200258892
2101386371
3254051604
